58238 ZSNJ Nanjing Observations at 12Z 11 Jul 2014

-----------------------------------------------------------------------------
   PRES   HGHT   TEMP   DWPT   RELH   MIXR   DRCT   SKNT   THTA   THTE   THTV
    hPa     m      C      C      %    g/kg    deg   knot     K      K      K 
-----------------------------------------------------------------------------
  998.0      7   32.4   25.4     67  20.99    270      4  305.7  369.2  309.6
  946.0    509   28.0   23.7     77  19.98    290      6  306.0  366.4  309.6
  925.0    720   26.2   23.0     83  19.56    260      8  306.1  365.2  309.7
  911.0    854   25.2   22.1     83  18.84    245     10  306.4  363.4  309.8
  850.0   1462   20.6   18.3     87  15.83    270     14  307.7  355.8  310.6
  845.0   1513   20.2   18.1     88  15.72    270     14  307.8  355.6  310.7
  843.0   1533   20.1   18.0     88  15.65    270     14  307.9  355.5  310.8
  779.0   2207   16.8   14.2     85  13.25    280     21  311.4  352.3  313.9
  700.0   3120   12.4    9.1     80  10.47    270     19  316.2  349.3  318.2
  635.0   3933    7.8    6.2     90   9.45    273     18  319.9  350.2  321.7
  615.0   4198    7.0   -2.0     53   5.40    273     18  321.9  339.8  322.9
  602.0   4373    5.6    2.8     82   7.84    274     18  322.2  347.8  323.8
  596.0   4455    5.4   -4.6     49   4.59    274     18  322.9  338.3  323.8
  580.0   4677    4.2   -6.5     46   4.06    275     17  324.0  337.7  324.8
  573.0   4776    3.6   -7.4     44   3.85    271     19  324.5  337.5  325.2
  567.0   4862    3.6  -22.4     13   1.12    267     20  325.5  329.6  325.7
  557.0   5005    2.7  -24.7     11   0.93    260     21  326.0  329.5  326.2
  539.0   5270    1.0  -29.0      9   0.65    260     23  327.1  329.6  327.2
  530.0   5405    0.0  -16.0     29   2.08    260     25  327.5  334.9  327.9
  509.0   5728   -1.8  -21.1     21   1.40    260     27  329.1  334.3  329.4
  505.0   5791   -2.1  -22.1     20   1.30    260     27  329.5  334.2  329.7
  500.0   5870   -2.7  -13.7     43   2.67    260     27  329.7  339.1  330.2
  481.0   6176   -3.9  -19.9     28   1.65    260     29  331.9  337.9  332.2
  477.0   6242   -4.3  -10.3     63   3.68    260     30  332.2  345.1  332.9
  466.0   6425   -5.5   -8.3     81   4.41    260     31  332.9  348.2  333.8
  463.0   6476   -5.7  -10.0     72   3.89    260     31  333.3  346.9  334.1
  442.0   6839   -7.1  -22.1     29   1.48    260     29  335.9  341.5  336.2
  416.0   7308   -9.7  -18.7     48   2.11    260     25  338.5  346.3  338.9
  409.0   7439  -10.1  -28.1     21   0.93    260     24  339.6  343.2  339.8
  400.0   7610  -11.3  -27.3     25   1.02    260     23  340.2  344.2  340.4
  378.0   8042  -13.9  -30.9     22   0.77    263     22  342.3  345.4  342.5
  367.0   8266  -15.9  -18.9     78   2.36    264     22  342.6  351.3  343.1
  353.0   8559  -17.9  -22.9     65   1.73    266     21  343.7  350.2  344.1
  346.0   8708  -18.7  -30.7     34   0.86    267     21  344.6  348.0  344.8
  335.0   8949  -20.1  -26.1     59   1.37    268     20  345.9  351.1  346.1
  332.0   9016  -20.1  -38.1     18   0.43    268     20  346.8  348.6  346.9
  326.0   9151  -20.7  -42.7     12   0.27    269     20  347.7  348.9  347.8
  321.0   9264  -21.6  -43.6     12   0.25    270     19  348.1  349.1  348.1
  301.0   9736  -25.3  -47.3     11   0.18    260     23  349.3  350.1  349.3
  300.0   9760  -25.5  -44.5     15   0.24    260     23  349.3  350.4  349.4
  291.0   9980  -26.9  -31.2     67   0.98    260     27  350.4  354.3  350.6
  276.0  10360  -29.5  -33.0     72   0.87    262     33  352.0  355.5  352.2
  256.0  10893  -32.1  -45.1     26   0.27    264     40  355.8  356.9  355.8
  250.0  11060  -33.7  -47.7     23   0.21    265     43  355.8  356.7  355.9
  249.0  11087  -34.0  -47.9     23   0.20    265     43  355.9  356.8  355.9
  202.0  12512  -46.9  -57.1     30   0.08    290     41  357.4  357.7  357.4
  200.0  12580  -47.5  -57.5     31   0.08    290     41  357.4  357.8  357.4
  163.0  13895  -59.5  -68.5     30   0.02    276     44  358.8  358.9  358.8
  150.0  14410  -62.9                         270     45  361.5         361.5
  139.0  14860  -66.0                         265     47  364.0         364.0
  104.0  16576  -77.9                         285     33  372.8         372.8
  100.0  16800  -77.3                         285     29  378.1         378.1
   95.0  17098  -76.4                         285     25  385.5         385.5
   78.0  18242  -72.8                         335     12  415.2         415.2
   70.0  18870  -70.9                          25      8  432.4         432.4
   69.0  18955  -71.0                          30      8  433.9         433.9
   65.3  19281  -71.5                          52     10  439.7         439.7
   61.0  19691  -68.4                          80     12  455.3         455.3
   54.6  20359  -63.3                          95     16  481.6         481.6
   51.0  20778  -62.8                         105     19  492.2         492.2
   50.0  20900  -62.7                         105     19  495.3         495.3
   40.0  22298  -58.1                          85     23  539.5         539.5
   35.6  23028  -55.7                          87     28  563.9         563.9
   30.0  24120  -54.9                          90     35  594.4         594.4
   27.4  24702  -53.1                          94     35  615.0         615.0
   27.0  24797  -53.0                          95     35  617.8         617.8
   21.1  26392  -51.9                          83     37  666.3         666.3
   20.0  26740  -50.5                          80     37  680.8         680.8
   19.0  27080  -49.5                          80     39  694.1         694.1
   13.9  29151  -43.1                          88     36  780.5         780.5
   13.0  29601  -43.1                          90     35  795.6         795.6
   10.7  30913  -43.1                                     841.1         841.1
Station information and sounding indices
                         Station identifier: ZSNJ
                             Station number: 58238
                           Observation time: 140711/1200
                           Station latitude: 32.00
                          Station longitude: 118.80
                          Station elevation: 7.0
                            Showalter index: -1.61
                               Lifted index: -5.21
    LIFT computed using virtual temperature: -6.31
                                SWEAT index: 273.99
                                    K index: 38.30
                         Cross totals index: 21.00
                      Vertical totals index: 23.30
                        Totals totals index: 44.30
      Convective Available Potential Energy: 2260.31
             CAPE using virtual temperature: 2537.56
                      Convective Inhibition: -9.94
             CINS using virtual temperature: -3.89
                           Equilibrum Level: 124.35
 Equilibrum Level using virtual temperature: 123.28
                   Level of Free Convection: 872.21
             LFCT using virtual temperature: 884.74
                     Bulk Richardson Number: 124.96
          Bulk Richardson Number using CAPV: 140.29
  Temp [K] of the Lifted Condensation Level: 296.34
Pres [hPa] of the Lifted Condensation Level: 895.46
     Mean mixed layer potential temperature: 305.86
              Mean mixed layer mixing ratio: 20.49
Precipitable water [mm] for entire sounding: 63.92

Description of the 
data columns
or sounding indices.







Interested in graduate studies in atmospheric science?
Check out our program at the
University of Wyoming


Questions about the weather data provided by this site can be
addressed to 
Larry Oolman (ldoolman@uwyo.edu)


<!--
window.focus();
// -->




